0 2.20629e+07 6.78479e+07 8.87129e+07 2.06541e+07 5.00298e+07 8.32284e+07 9.98209e+06 5.11221e+07 1.54986e+07 6.6038e+07 3.3716e+07 1.16305e+07 3.79159e+07 8.07065e+07 4.74902e+07 4.24292e+07 5.76118e+07 5.75988e+07 3.25272e+07 3.39165e+07 9.66915e+07 2.10804e+07 296206 408056 2.81983e+06 1.87341e+07 5.69788e+07 6.4532e+07 3.38579e+06 3.78393e+07 1.23931e+07 8.35968e+07 2.62899e+07 4.95403e+07 5.49494e+07 1.86474e+07 4.12299e+06 67444.1 5.53123e+07 4.96216e+07 4.50975e+07 5.2571e+07 1.65357e+07 6.55404e+07 3.3907e+07 3.66268e+07 4.84362e+07 1.74306e+06 4.45135e+07 1.2299e+07 6.87256e+07 2.46163e+07 6.09219e+07 2.06771e+06 2.78397e+07 2.79454e+06 5.39833e+07 2.26115e+07 2.57613e+07 2.4677e+07 664396 3.24151e+07 1.60143e+07 466966 5.68517e+07 7.57735e+07 1.86051e+07 4.32055e+07 4.16536e+06 5.30294e+07 2.33157e+07 1.14093e+07 6.20473e+07 7.38864e+07 7.5288e+07 9.75622e+06 2.5789e+07 8.61286e+06 2.14956e+07 8.60553e+06 1.89426e+07 1.01306e+08 2.56409e+06 2.74807e+07 6.76407e+06 4.97569e+07 1.16347e+08 6.51647e+07 1.04335e+08 1.19522e+07 4.49717e+07 5.95967e+07 2.90326e+07 4.25058e+07 6.27671e+07 5.21103e+07 4.30918e+06 2.11703e+07 7.33192e+07 5.38028e+07 1.31485e+07 6.39504e+07 2.20698e+07 5.80183e+07 1.94299e+07 1.32373e+07 4.33726e+07 6.01394e+07 6.65071e+07 187904 3.95284e+06 9.53835e+06 2.68707e+07 1.99496e+07 6.79243e+07 3.21512e+07 2.64719e+07 5.60503e+07 3.43836e+06 
2.20629e+07 0 2.61911e+07 3.46707e+07 4.83782e+07 2.52758e+07 3.14662e+07 4.95452e+06 6.01675e+06 4.28443e+07 2.38763e+07 5.37257e+06 1.38918e+07 3.63455e+07 4.16814e+07 4.8727e+06 1.4597e+07 3.31596e+07 3.60431e+07 1.15615e+07 1.42019e+07 4.36382e+07 2.27426e+07 1.73274e+07 2.56871e+07 2.21866e+07 3.59087e+07 5.98368e+07 3.2092e+07 1.2705e+07 1.40298e+07 4.85975e+07 3.14357e+07 5.00526e+06 5.48332e+06 4.0422e+07 2.81304e+07 3.97884e+07 2.44283e+07 3.88843e+07 8.82809e+06 6.28541e+06 1.38452e+07 1.12446e+06 4.35849e+07 2.95538e+06 4.79297e+06 5.76557e+07 3.61983e+07 5.88142e+06 1.41881e+06 5.3658e+07 4.11473e+07 1.62783e+07 3.74607e+07 3.5885e+07 4.01231e+07 8.49239e+06 4.45781e+06 1.23354e+06 336743 2.1834e+07 1.33438e+07 3.2671e+06 1.64111e+07 5.85862e+07 6.56732e+07 2.47612e+06 4.49038e+06 2.5085e+07 3.96005e+07 2.30199e+07 5.60835e+06 1.04716e+07 1.99351e+07 5.30704e+07 3.15509e+07 312090 4.31291e+06 4.04485e+07 5.61604e+06 7.21036e+06 4.72225e+07 2.2272e+07 3.2416e+07 3.44033e+07 5.89481e+06 7.13301e+07 1.35574e+07 5.06198e+07 2.75367e+07 4.97006e+06 2.17195e+07 4.76517e+07 3.53979e+07 2.0685e+07 6.24555e+07 2.90274e+07 276779 6.23284e+07 7.4831e+06 1.1562e+06 9.91489e+07 4.44308e+07 8.30295e+07 4.48734e+06 4.26195e+07 2.82894e+07 7.70265e+07 9.16786e+07 1.99923e+07 2.7812e+07 4.42588e+07 4.94006e+07 323208 9.4098e+07 4.44047e+07 4.11156e+07 7.85073e+06 1.81761e+07 
6.78479e+07 2.61911e+07 0 1.75534e+06 5.45739e+07 3.35707e+06 1.15871e+06 2.66452e+07 2.21458e+07 5.45558e+07 81493.5 8.03073e+06 2.58257e+07 1.91049e+07 2.40434e+06 2.46665e+07 2.98011e+06 4.51917e+06 6.34717e+06 6.47726e+06 6.28944e+06 2.57387e+06 2.1658e+07 6.1781e+07 6.78595e+07 8.2239e+07 3.93608e+07 2.91769e+07 1.74198e+06 4.12111e+07 4.47865e+06 7.09178e+07 1.25553e+06 1.06451e+07 2.14968e+07 1.10086e+07 2.9957e+07 1.04919e+08 7.04186e+07 9.56361e+06 6.11198e+06 8.56482e+06 2.06428e+06 3.76473e+07 8.11709e+06 3.86149e+07 8.63922e+06 3.39549e+07 8.69809e+07 4.02727e+07 3.21762e+07 1.4843e+07 3.84296e+07 2.15438e+06 8.6988e+07 2.81418e+07 8.90205e+07 1.01887e+07 1.30374e+07 1.62429e+07 3.04445e+07 5.96557e+07 6.8501e+06 4.77198e+07 5.75469e+07 2.7834e+07 2.23715e+07 1.78313e+07 1.24341e+07 5.13203e+07 1.14377e+07 1.96077e+07 2.39151e+07 3.08101e+07 4.85614e+06 1.11019e+07 4.80233e+07 2.89529e+07 3.03638e+07 4.16282e+07 5.17004e+07 1.50917e+07 3.42301e+06 8.17936e+07 2.46564e+07 5.89971e+07 1.57304e+07 1.17638e+07 8.73173e+06 4.18515e+06 3.87806e+07 3.3949e+07 269224 4.16618e+07 1.46474e+07 431689 3.65799e+07 5.67695e+07 3.17648e+07 2.04713e+07 1.44604e+07 3.10349e+07 7.71727e+07 4.64392e+07 5.89897e+07 1.53513e+07 5.84371e+07 8.35353e+06 4.82121e+07 6.26818e+07 6.8146e+07 5.58977e+07 6.96895e+07 4.69442e+07 2.28676e+07 6.47841e+07 3.3742e+07 3.6086e+07 2.55362e+07 7.64333e+07 
8.87129e+07 3.46707e+07 1.75534e+06 0 7.58476e+07 9.7661e+06 88038.6 3.95681e+07 2.41626e+07 7.58826e+07 1.76858e+06 1.4166e+07 4.04302e+07 3.18638e+07 4.49872e+06 2.74533e+07 8.85228e+06 1.08207e+07 1.3396e+07 1.43744e+07 1.44429e+07 855299 3.57369e+07 8.1259e+07 8.9486e+07 1.02781e+08 5.77277e+07 4.27474e+07 5.85298e+06 5.81734e+07 1.14878e+07 9.49182e+07 81413.9 1.87574e+07 2.37916e+07 1.99507e+07 4.62153e+07 1.29975e+08 9.19058e+07 1.79984e+07 8.75702e+06 1.18814e+07 5.00982e+06 4.82009e+07 1.48969e+07 4.49758e+07 1.38715e+07 4.94269e+07 1.1131e+08 4.45379e+07 4.37834e+07 2.33766e+07 5.6451e+07 3.4469e+06 1.11533e+08 4.37462e+07 1.14068e+08 1.16975e+07 2.20719e+07 2.37479e+07 3.84231e+07 8.00579e+07 1.52159e+07 5.92102e+07 7.66403e+07 4.11005e+07 3.21117e+07 2.75988e+07 1.59355e+07 7.13305e+07 2.07094e+07 3.30961e+07 3.65357e+07 3.12093e+07 3.62522e+06 1.76291e+07 6.79946e+07 3.65855e+07 4.36042e+07 6.04085e+07 6.58539e+07 2.58291e+07 1.35144e+06 1.02412e+08 3.94261e+07 8.07638e+07 1.79042e+07 1.16822e+07 8.41699e+06 2.13843e+06 5.69395e+07 3.7695e+07 3.1713e+06 6.01516e+07 2.58224e+07 2.23944e+06 5.22928e+07 7.7841e+07 4.07066e+07 3.00131e+07 1.5895e+07 4.23192e+07 9.96614e+07 6.61569e+07 7.8688e+07 2.53112e+07 8.04253e+07 1.74122e+07 6.55974e+07 8.22841e+07 8.84716e+07 7.67484e+07 9.33791e+07 6.6582e+07 3.18986e+07 8.46463e+07 5.03932e+07 5.35363e+07 2.67667e+07 9.56831e+07 
2.06541e+07 4.83782e+07 5.45739e+07 7.58476e+07 0 3.14708e+07 7.16085e+07 2.24829e+07 8.05576e+07 371397 5.53547e+07 4.08426e+07 1.06722e+07 1.09689e+07 5.33554e+07 7.9074e+07 3.55122e+07 3.2406e+07 2.97644e+07 2.80871e+07 2.60542e+07 7.54216e+07 7.90735e+06 2.24661e+07 1.57909e+07 3.87256e+07 1.3042e+06 1.46338e+07 4.2122e+07 1.44746e+07 3.06755e+07 2.56325e+06 7.23215e+07 3.23637e+07 7.82812e+07 2.34773e+07 3.92969e+06 3.58564e+07 1.9641e+07 2.4987e+07 5.84942e+07 5.76829e+07 5.1556e+07 4.91092e+07 3.23651e+07 7.42936e+07 4.68403e+07 9.25995e+06 2.03203e+07 8.79503e+07 3.67948e+07 2.84923e+07 1.59762e+06 6.09406e+07 1.89133e+07 4.69766e+06 1.79562e+07 6.97221e+07 2.9777e+07 4.26702e+07 5.60344e+07 1.41399e+07 2.55625e+07 5.4749e+07 2.00437e+07 1.50429e+07 2.84523e+07 3.1175e+07 6.11965e+07 6.61199e+06 2.21517e+07 8.98825e+06 2.10786e+07 9.91395e+07 7.81625e+07 3.59927e+07 2.30605e+06 5.63648e+07 2.49116e+07 886146 4.34848e+07 2.18629e+07 7.79728e+07 3.77685e+07 6.05313e+06 3.89048e+06 7.24347e+07 7.27726e+07 7.80197e+07 7.82573e+07 2.91718e+06 8.39536e+07 4.87897e+07 1.69829e+06 1.52562e+07 5.54529e+07 1.02116e+07 6.09519e+06 5.19408e+07 2.78858e+07 7.50927e+07 3.7416e+07 1.19843e+07 363251 9.7304e+06 2.70109e+07 934884 2.1345e+07 1.1769e+07 1.3352e+07 2.43814e+07 6.54785e+06 3.53212e+06 766642 4.13946e+07 1.39062e+07 3.85409e+06 2.27462e+06 8.87073e+07 4.01888e+07 
5.00298e+07 2.52758e+07 3.35707e+06 9.7661e+06 3.14708e+07 0 8.41422e+06 1.83113e+07 3.00698e+07 3.20182e+07 3.82596e+06 7.98582e+06 1.3738e+07 6.4514e+06 3.69816e+06 3.1827e+07 1.66591e+06 539021 1.08418e+06 2.79067e+06 1.87309e+06 9.57015e+06 8.85588e+06 4.59572e+07 4.84364e+07 6.65984e+07 2.04423e+07 1.36882e+07 957649 2.74145e+07 1.6442e+06 4.54809e+07 8.68638e+06 7.88499e+06 2.89762e+07 2.84321e+06 1.41174e+07 8.28751e+07 5.166e+07 2.19561e+06 1.08476e+07 1.28461e+07 5.26892e+06 3.47303e+07 2.59315e+06 4.20977e+07 1.0134e+07 1.63354e+07 6.43784e+07 4.68561e+07 2.69478e+07 6.20642e+06 1.93222e+07 7.64695e+06 6.39025e+07 1.21919e+07 6.50834e+07 1.72048e+07 9.19261e+06 1.55252e+07 3.07664e+07 4.16198e+07 2.27124e+06 4.42816e+07 4.19297e+07 1.28058e+07 1.13368e+07 1.36459e+07 1.70944e+07 3.25306e+07 2.90795e+06 7.44759e+06 1.56524e+07 4.17369e+07 1.41494e+07 5.20576e+06 2.8147e+07 2.9639e+07 2.20501e+07 2.18019e+07 4.43245e+07 8.52439e+06 1.06453e+07 6.59718e+07 9.99883e+06 3.72911e+07 2.26714e+07 1.40478e+07 1.7809e+07 1.10593e+07 2.11003e+07 4.07014e+07 2.40516e+06 2.14437e+07 4.03723e+06 4.40514e+06 1.83311e+07 3.65115e+07 3.07553e+07 9.9139e+06 2.22121e+07 2.6204e+07 4.88754e+07 2.52568e+07 3.47768e+07 1.034e+07 3.53564e+07 1.12089e+06 2.70249e+07 3.80353e+07 5.14426e+07 3.60224e+07 4.51001e+07 2.5361e+07 2.0669e+07 3.96973e+07 1.58256e+07 1.75924e+07 3.48624e+07 6.25851e+07 
8.32284e+07 3.14662e+07 1.15871e+06 88038.6 7.16085e+07 8.41422e+06 0 3.59241e+07 2.21424e+07 7.14554e+07 1.10232e+06 1.20437e+07 3.68842e+07 2.95191e+07 4.28676e+06 2.52112e+07 7.23324e+06 9.70364e+06 1.22148e+07 1.22733e+07 1.24008e+07 1.20592e+06 3.26876e+07 7.60016e+07 8.40195e+07 9.68708e+07 5.39628e+07 4.07359e+07 5.08152e+06 5.37718e+07 9.65067e+06 8.97895e+07 2864.88 1.62759e+07 2.17385e+07 1.851e+07 4.27824e+07 1.23302e+08 8.63324e+07 1.66218e+07 7.27236e+06 1.0144e+07 3.78295e+06 4.43832e+07 1.39407e+07 4.17405e+07 1.18296e+07 4.69357e+07 1.05204e+08 4.16212e+07 4.00157e+07 2.22984e+07 5.29342e+07 2.51539e+06 1.0544e+08 4.07138e+07 1.07928e+08 1.02182e+07 1.93721e+07 2.10392e+07 3.51562e+07 7.4896e+07 1.30991e+07 5.50084e+07 7.15426e+07 3.91322e+07 3.10214e+07 2.45798e+07 1.39878e+07 6.66007e+07 1.91841e+07 3.02012e+07 3.30427e+07 2.92648e+07 3.05855e+06 1.69196e+07 6.35903e+07 3.34125e+07 3.97751e+07 5.66635e+07 6.12467e+07 2.29271e+07 1.83848e+06 9.65093e+07 3.65045e+07 7.58557e+07 1.60699e+07 1.24237e+07 7.39273e+06 2.70868e+06 5.29464e+07 3.50246e+07 2.26752e+06 5.66803e+07 2.38023e+07 1.44101e+06 4.98411e+07 7.29214e+07 3.72672e+07 2.89016e+07 1.42521e+07 3.8623e+07 9.61863e+07 6.22608e+07 7.56494e+07 2.24141e+07 7.57759e+07 1.5645e+07 6.30212e+07 7.94208e+07 8.29807e+07 7.18467e+07 8.81894e+07 6.2843e+07 2.87409e+07 8.17591e+07 4.73183e+07 5.01709e+07 2.47994e+07 9.00028e+07 
9.98209e+06 4.95452e+06 2.66452e+07 3.95681e+07 2.24829e+07 1.83113e+07 3.59241e+07 0 1.99141e+07 1.86649e+07 2.52491e+07 7.02222e+06 2.5345e+06 1.88794e+07 3.71824e+07 1.85166e+07 1.20438e+07 2.4185e+07 2.53035e+07 7.31959e+06 8.54237e+06 4.57818e+07 8.09436e+06 7.43856e+06 1.09724e+07 1.5418e+07 1.46222e+07 3.64115e+07 2.67087e+07 2.33457e+06 1.00008e+07 2.28418e+07 3.61316e+07 3.88761e+06 1.88154e+07 2.61851e+07 1.03077e+07 2.61311e+07 1.12352e+07 2.56399e+07 1.53269e+07 1.3156e+07 1.67884e+07 5.54891e+06 3.14545e+07 1.50469e+07 8.54637e+06 3.29164e+07 1.91937e+07 2.15298e+07 1.94585e+06 3.70991e+07 1.84841e+07 2.15848e+07 1.96324e+07 1.61505e+07 2.11362e+07 1.85995e+07 2.55936e+06 4.35357e+06 7.53159e+06 8.00816e+06 7.74888e+06 8.52653e+06 6.15886e+06 3.57069e+07 4.53482e+07 1.41909e+06 1.28761e+07 8.18612e+06 2.51502e+07 8.7248e+06 112596 2.88231e+07 2.97127e+07 3.92778e+07 1.15103e+07 7.67998e+06 192565 1.76297e+07 6.36233e+06 1.85243e+06 4.91346e+07 1.51833e+07 1.42591e+07 1.36327e+07 1.74214e+07 6.4275e+07 2.49746e+07 5.16169e+07 9.21124e+06 1.98202e+07 2.15603e+07 2.30225e+07 1.97793e+07 2.29955e+07 3.65428e+07 1.06123e+07 6.0995e+06 4.28554e+07 1.94704e+07 2.00629e+06 6.16701e+07 2.01072e+07 5.01631e+07 1.5863e+06 1.85382e+07 1.69529e+07 4.69742e+07 5.73615e+07 9.71467e+06 9.92886e+06 2.01171e+07 2.37579e+07 3.03104e+06 5.91835e+07 2.17231e+07 1.87739e+07 2.3752e+07 1.32665e+07 
5.11221e+07 6.01675e+06 2.21458e+07 2.41626e+07 8.05576e+07 3.00698e+07 2.21424e+07 1.99141e+07 0 7.4804e+07 1.95571e+07 8.19032e+06 3.27082e+07 5.32678e+07 3.90658e+07 145152 1.77381e+07 3.81378e+07 4.2543e+07 1.82747e+07 2.15817e+07 3.36798e+07 4.12957e+07 4.37557e+07 5.64455e+07 4.97778e+07 6.25716e+07 7.91315e+07 3.28918e+07 3.51547e+07 1.92705e+07 8.51573e+07 2.19023e+07 1.15097e+07 16319.8 5.06032e+07 5.07697e+07 7.58992e+07 5.46908e+07 4.80693e+07 5.14376e+06 3.61976e+06 1.12794e+07 1.0586e+07 4.98977e+07 4.2782e+06 5.77737e+06 8.02563e+07 7.17308e+07 3.18518e+06 1.32767e+07 6.35926e+07 6.74969e+07 1.06212e+07 7.34894e+07 5.78083e+07 7.71685e+07 2.32978e+06 1.25912e+07 6.00235e+06 5.14506e+06 5.04562e+07 2.1055e+07 1.40936e+07 4.22826e+07 7.72925e+07 7.82279e+07 1.1644e+07 1.8535e+06 5.36214e+07 5.03523e+07 4.05563e+07 2.01759e+07 1.04856e+06 9.40511e+06 5.92712e+07 6.05836e+07 4.53061e+06 1.96367e+07 6.80519e+07 2.15485e+07 1.87108e+07 3.6735e+07 5.00439e+07 5.27098e+07 6.64666e+07 553910 6.56543e+07 4.21555e+06 4.03354e+07 5.33362e+07 1.57731e+06 1.9636e+07 7.51082e+07 4.94326e+07 1.63938e+07 8.56543e+07 5.9548e+07 6.88555e+06 7.44108e+07 865745 1.24348e+07 1.35354e+08 7.38165e+07 1.13905e+08 1.42943e+07 7.56302e+07 3.81424e+07 1.03664e+08 1.22658e+08 4.78591e+07 5.78813e+07 8.0029e+07 7.88923e+07 7.6307e+06 1.25603e+08 6.85442e+07 6.64855e+07 206782 4.33491e+07 
1.54986e+07 4.28443e+07 5.45558e+07 7.58826e+07 371397 3.20182e+07 7.14554e+07 1.86649e+07 7.4804e+07 0 5.49912e+07 3.7954e+07 8.60739e+06 1.24459e+07 5.52145e+07 7.30087e+07 3.4515e+07 3.38481e+07 3.15361e+07 2.66954e+07 2.51136e+07 7.65825e+07 7.49675e+06 1.71499e+07 1.13189e+07 3.15348e+07 1.3326e+06 1.81508e+07 4.32566e+07 1.07218e+07 2.96764e+07 1.39927e+06 7.21254e+07 2.95555e+07 7.26122e+07 2.56786e+07 3.65922e+06 2.90863e+07 1.46113e+07 2.705e+07 5.54788e+07 5.41489e+07 4.98573e+07 4.26724e+07 3.48613e+07 6.69379e+07 4.35655e+07 1.22936e+07 1.53368e+07 8.025e+07 3.14088e+07 3.18809e+07 2.3861e+06 5.91541e+07 1.41554e+07 5.577e+06 1.34086e+07 6.58209e+07 2.67941e+07 3.84277e+07 4.98398e+07 9.96127e+06 2.448e+07 4.74571e+07 1.50872e+07 1.84973e+07 3.27544e+07 2.74448e+07 5.6932e+07 3.92441e+06 2.42631e+07 8.7506e+06 1.76497e+07 9.24089e+07 7.58827e+07 3.93173e+07 946836 5.02856e+07 2.05746e+07 1.32822e+06 3.66281e+07 1.93969e+07 7.94212e+07 3.06694e+07 6.72823e+06 1.86234e+06 6.75825e+07 7.68741e+07 7.45613e+07 8.00731e+07 1.82622e+06 7.68667e+07 4.84054e+07 3.05111e+06 1.68225e+07 5.46339e+07 1.36029e+07 3.46358e+06 4.57953e+07 3.19409e+07 7.04494e+07 3.20706e+07 1.65173e+07 923624 1.38559e+07 2.39438e+07 164341 2.22761e+07 1.59767e+07 1.81332e+07 1.87678e+07 3.81454e+06 1.86495e+06 1.91918e+06 3.64969e+07 1.87952e+07 5.39254e+06 3.23871e+06 8.25459e+07 3.29245e+07 
6.6038e+07 2.38763e+07 81493.5 1.76858e+06 5.53547e+07 3.82596e+06 1.10232e+06 2.52491e+07 1.95571e+07 5.49912e+07 0 6.88852e+06 2.52925e+07 2.01761e+07 3.3711e+06 2.19527e+07 2.71375e+06 5.4028e+06 7.40442e+06 6.08048e+06 6.10998e+06 3.11362e+06 2.1883e+07 5.98594e+07 6.63889e+07 7.94705e+07 3.99044e+07 3.12217e+07 2.42397e+06 3.99525e+07 4.24156e+06 7.10541e+07 1.1763e+06 9.59285e+06 1.8955e+07 1.23166e+07 3.03052e+07 1.02466e+08 6.8684e+07 1.07936e+07 4.81805e+06 7.04666e+06 1.3929e+06 3.4966e+07 9.50537e+06 3.53936e+07 7.29281e+06 3.58245e+07 8.53431e+07 3.6835e+07 3.00133e+07 1.66944e+07 3.93188e+07 1.39821e+06 8.54612e+07 2.90094e+07 8.76053e+07 8.45121e+06 1.1928e+07 1.4505e+07 2.7808e+07 5.82896e+07 6.61002e+06 4.46642e+07 5.57829e+07 2.98416e+07 2.46813e+07 1.63925e+07 1.05798e+07 5.06397e+07 1.27124e+07 1.98978e+07 2.26926e+07 2.77225e+07 3.8028e+06 1.28702e+07 4.79617e+07 2.63611e+07 2.87339e+07 4.23759e+07 4.89185e+07 1.42688e+07 4.08762e+06 7.90699e+07 2.54065e+07 5.86709e+07 1.35666e+07 1.37196e+07 7.15253e+06 5.02187e+06 3.87962e+07 3.07838e+07 210247 4.28269e+07 1.57182e+07 140775 3.86228e+07 5.61432e+07 2.91768e+07 2.26605e+07 1.23745e+07 2.88824e+07 7.99282e+07 4.72669e+07 6.1481e+07 1.42272e+07 5.87037e+07 9.07174e+06 5.06805e+07 6.54766e+07 6.6108e+07 5.52181e+07 6.95828e+07 4.80462e+07 2.08644e+07 6.76361e+07 3.49449e+07 3.7042e+07 2.27363e+07 7.35962e+07 
3.3716e+07 5.37257e+06 8.03073e+06 1.4166e+07 4.08426e+07 7.98582e+06 1.20437e+07 7.02222e+06 8.19032e+06 3.7954e+07 6.88852e+06 0 1.08265e+07 1.96881e+07 1.71262e+07 8.61611e+06 2.41028e+06 1.26568e+07 1.48405e+07 2.00641e+06 3.21798e+06 1.91958e+07 1.3536e+07 2.86931e+07 3.54042e+07 4.08e+07 2.77932e+07 3.65031e+07 1.13248e+07 1.70259e+07 2.54836e+06 4.81381e+07 1.21009e+07 564854 7.53017e+06 1.88719e+07 1.97702e+07 5.96962e+07 3.60214e+07 1.75085e+07 1.75668e+06 1.45054e+06 2.32723e+06 1.09476e+07 1.96687e+07 1.34337e+07 223858 3.71908e+07 4.93753e+07 1.62839e+07 8.19339e+06 2.76801e+07 3.01459e+07 4.05331e+06 4.99773e+07 2.30787e+07 5.22079e+07 3.83841e+06 1.19886e+06 1.46494e+06 7.72541e+06 2.97666e+07 2.98952e+06 1.66735e+07 2.62757e+07 3.52856e+07 3.72242e+07 2.29605e+06 2.3388e+06 2.75324e+07 1.8569e+07 1.28421e+07 6.12205e+06 1.50877e+07 7.89453e+06 2.6085e+07 2.9302e+07 7.08203e+06 8.40141e+06 3.1132e+07 1.91285e+07 3.17968e+06 2.15518e+07 4.06099e+07 1.98151e+07 3.56106e+07 4.99444e+06 3.75503e+07 6.22537e+06 2.36724e+07 2.32305e+07 1.28961e+07 5.55148e+06 3.49533e+07 1.74531e+07 5.37363e+06 4.08806e+07 3.193e+07 8.08469e+06 3.46264e+07 5.39383e+06 7.58974e+06 7.77223e+07 3.52742e+07 6.13212e+07 2.09312e+06 3.95396e+07 1.12782e+07 5.36076e+07 6.76052e+07 3.29251e+07 3.09367e+07 4.53782e+07 3.81122e+07 3.79699e+06 6.98053e+07 2.99235e+07 2.91457e+07 1.09755e+07 3.62542e+07 
1.16305e+07 1.38918e+07 2.58257e+07 4.04302e+07 1.06722e+07 1.3738e+07 3.68842e+07 2.5345e+06 3.27082e+07 8.60739e+06 2.52925e+07 1.08265e+07 0 8.80578e+06 3.1688e+07 3.16613e+07 1.14499e+07 1.75225e+07 1.74661e+07 6.62768e+06 6.63722e+06 4.3926e+07 1.86554e+06 1.01866e+07 1.05901e+07 2.21118e+07 5.13143e+06 2.10298e+07 2.19122e+07 2.63151e+06 8.8255e+06 1.33065e+07 3.72482e+07 6.48045e+06 3.12635e+07 1.63423e+07 2.61997e+06 2.94903e+07 1.22615e+07 1.63897e+07 2.12336e+07 1.99597e+07 1.9384e+07 1.55821e+07 2.2019e+07 2.94431e+07 1.37416e+07 1.77136e+07 1.86448e+07 3.78318e+07 8.91714e+06 2.46204e+07 7.34942e+06 2.52426e+07 1.84313e+07 6.04349e+06 1.91723e+07 2.72151e+07 5.09589e+06 1.06975e+07 1.83109e+07 7.55333e+06 6.07455e+06 2.01266e+07 8.24321e+06 2.06318e+07 3.00583e+07 5.36917e+06 2.13358e+07 4.35908e+06 1.53529e+07 2.38563e+06 1.87043e+06 4.47928e+07 3.58534e+07 2.79866e+07 4.51917e+06 1.83608e+07 3.80777e+06 6.93439e+06 1.55471e+07 2.27237e+06 4.67715e+07 2.16178e+07 5.07174e+06 7.31989e+06 2.79739e+07 5.45266e+07 3.34684e+07 4.83605e+07 2.51091e+06 3.49195e+07 2.10274e+07 1.02937e+07 1.03078e+07 2.40686e+07 2.03585e+07 6.10437e+06 1.62648e+07 2.82599e+07 2.99033e+07 9.04682e+06 3.92575e+07 8.64524e+06 3.01651e+07 3.84776e+06 9.09669e+06 1.00946e+07 2.7971e+07 3.58413e+07 1.2739e+07 5.77843e+06 1.19482e+07 1.09176e+07 1.01593e+07 3.72711e+07 9.49664e+06 7.51254e+06 3.79289e+07 2.08023e+07 
3.79159e+07 3.63455e+07 1.91049e+07 3.18638e+07 1.09689e+07 6.4514e+06 2.95191e+07 1.88794e+07 5.32678e+07 1.24459e+07 2.01761e+07 1.96881e+07 8.80578e+06 0 1.62305e+07 5.40471e+07 1.12349e+07 5.95036e+06 4.67266e+06 9.2e+06 7.18995e+06 3.00441e+07 2.59882e+06 3.66029e+07 3.39845e+07 5.78894e+07 5.73272e+06 2.93184e+06 1.0802e+07 2.0502e+07 9.13562e+06 2.21126e+07 3.00401e+07 1.58589e+07 5.15487e+07 2.37401e+06 3.67917e+06 6.53251e+07 3.82338e+07 2.84544e+06 2.9111e+07 3.05976e+07 2.11623e+07 4.32538e+07 5.67239e+06 5.95624e+07 2.40221e+07 2.76828e+06 4.56886e+07 6.86316e+07 3.20907e+07 4.8431e+06 4.19418e+06 2.66861e+07 4.45051e+07 1.36051e+06 4.44774e+07 3.87717e+07 1.57208e+07 2.65929e+07 4.36662e+07 2.90022e+07 7.39584e+06 5.2273e+07 3.27821e+07 2.69204e+06 6.50313e+06 1.98658e+07 3.55177e+07 1.85689e+07 1.9597e+06 2.03173e+06 1.62359e+07 6.9245e+07 3.84875e+07 7.60183e+06 1.24204e+07 4.30123e+07 2.2755e+07 5.76427e+06 4.68419e+07 1.12223e+07 3.13676e+07 5.69958e+07 977008 1.92042e+07 4.43361e+07 2.74615e+07 4.21001e+07 3.12283e+07 8.31877e+06 6.25787e+07 1.6561e+07 4.67859e+06 360109 2.11642e+07 3.82872e+06 2.05309e+07 4.18249e+07 5.78475e+06 4.49408e+07 3.18818e+07 2.03974e+07 7.3405e+06 1.19676e+07 1.52914e+07 1.51258e+07 2.1941e+06 8.33406e+06 1.44953e+07 4.09487e+07 2.05864e+07 2.29961e+07 6.77223e+06 2.98506e+07 1.55329e+07 2.16761e+06 3.26639e+06 6.00629e+07 5.63416e+07 
8.07065e+07 4.16814e+07 2.40434e+06 4.49872e+06 5.33554e+07 3.69816e+06 4.28676e+06 3.71824e+07 3.90658e+07 5.52145e+07 3.3711e+06 1.71262e+07 3.1688e+07 1.62305e+07 0 4.22736e+07 7.31264e+06 2.60504e+06 3.49614e+06 1.15371e+07 1.01704e+07 2.45574e+06 2.33946e+07 7.52344e+07 7.88814e+07 1.00305e+08 3.94047e+07 2.10175e+07 903847 5.10378e+07 8.66247e+06 7.32265e+07 4.50675e+06 1.92698e+07 3.81648e+07 6.81214e+06 3.10439e+07 1.21308e+08 8.28742e+07 5.78615e+06 1.60003e+07 1.96781e+07 8.57157e+06 5.51487e+07 3.46431e+06 5.90133e+07 1.88364e+07 2.67653e+07 9.89356e+07 6.18282e+07 4.68693e+07 7.68905e+06 3.65919e+07 9.10753e+06 9.83412e+07 2.63998e+07 9.97722e+07 2.24779e+07 2.1981e+07 2.85885e+07 4.76788e+07 7.00984e+07 1.10625e+07 6.72639e+07 7.01399e+07 1.98743e+07 1.27373e+07 2.85718e+07 2.5376e+07 5.8033e+07 7.4246e+06 2.09852e+07 3.35062e+07 5.04273e+07 1.34015e+07 4.38131e+06 5.13712e+07 4.5941e+07 4.21751e+07 4.05669e+07 6.97811e+07 2.2494e+07 2.62303e+06 9.96166e+07 2.35453e+07 6.37998e+07 3.03424e+07 3.964e+06 2.01436e+07 2.44994e+06 4.16926e+07 5.40184e+07 3.44751e+06 3.83291e+07 1.17602e+07 4.86067e+06 2.84503e+07 6.31971e+07 4.87445e+07 1.14907e+07 2.86424e+07 4.56688e+07 6.52319e+07 4.49512e+07 4.84593e+07 2.43835e+07 6.00193e+07 7.36358e+06 3.77854e+07 5.05009e+07 8.22395e+07 6.26131e+07 7.33168e+07 4.39646e+07 3.66696e+07 5.22948e+07 3.01865e+07 3.38798e+07 4.35971e+07 9.48603e+07 
4.74902e+07 4.8727e+06 2.46665e+07 2.74533e+07 7.9074e+07 3.1827e+07 2.52112e+07 1.85166e+07 145152 7.30087e+07 2.19527e+07 8.61611e+06 3.16613e+07 5.40471e+07 4.22736e+07 0 1.8985e+07 4.02798e+07 4.46589e+07 1.89303e+07 2.2365e+07 3.74181e+07 4.103e+07 4.03545e+07 5.29277e+07 4.53915e+07 6.1569e+07 8.05628e+07 3.53765e+07 3.29223e+07 2.02742e+07 8.24712e+07 2.49757e+07 1.15464e+07 136415 5.24892e+07 5.00959e+07 7.07206e+07 5.09771e+07 5.00076e+07 6.26247e+06 4.38554e+06 1.28666e+07 8.6345e+06 5.2364e+07 2.84907e+06 6.23949e+06 8.10866e+07 6.74298e+07 2.06353e+06 1.15256e+07 6.6046e+07 6.68755e+07 1.25254e+07 6.92335e+07 5.77391e+07 7.28907e+07 3.33248e+06 1.23606e+07 5.58845e+06 3.8406e+06 4.73181e+07 2.17357e+07 1.15965e+07 3.91089e+07 7.87633e+07 8.07934e+07 1.09549e+07 2.28438e+06 5.117e+07 5.21317e+07 4.04864e+07 1.90002e+07 1.14343e+06 1.16478e+07 6.21264e+07 5.86778e+07 3.34662e+06 1.79616e+07 6.71286e+07 1.86595e+07 1.83263e+07 4.06649e+07 4.56785e+07 5.2736e+07 6.39074e+07 1.03016e+06 7.0233e+07 5.78617e+06 4.44086e+07 5.19253e+07 814434 2.17641e+07 7.46151e+07 5.05856e+07 1.85795e+07 8.65779e+07 5.68929e+07 5.39556e+06 7.69187e+07 1.58411e+06 1.0769e+07 1.35295e+08 7.27412e+07 1.14276e+08 1.38323e+07 7.35324e+07 3.94898e+07 1.04561e+08 1.23314e+08 4.4157e+07 5.52321e+07 7.72057e+07 7.80735e+07 6.6264e+06 1.26248e+08 6.85183e+07 6.60569e+07 354646 3.92086e+07 
4.24292e+07 1.4597e+07 2.98011e+06 8.85228e+06 3.55122e+07 1.66591e+06 7.23324e+06 1.20438e+07 1.77381e+07 3.4515e+07 2.71375e+06 2.41028e+06 1.14499e+07 1.12349e+07 7.31264e+06 1.8985e+07 0 4.05735e+06 5.4301e+06 673160 746797 1.10194e+07 9.93257e+06 3.77644e+07 4.24067e+07 5.46786e+07 2.32294e+07 2.28906e+07 3.42793e+06 2.2029e+07 184259 4.68125e+07 7.39623e+06 2.84266e+06 1.68729e+07 8.43767e+06 1.58897e+07 7.26691e+07 4.44374e+07 7.40726e+06 4.36238e+06 5.39967e+06 1.59468e+06 2.25445e+07 8.4056e+06 2.72151e+07 3.58358e+06 2.48772e+07 5.77773e+07 3.08655e+07 1.71557e+07 1.42106e+07 2.36361e+07 3.48383e+06 5.78134e+07 1.62497e+07 5.95271e+07 8.65595e+06 3.9548e+06 7.36905e+06 1.86123e+07 3.59781e+07 887107 3.04794e+07 3.44184e+07 2.18212e+07 2.14752e+07 6.9795e+06 8.15305e+06 2.9937e+07 8.37528e+06 8.77725e+06 1.01432e+07 2.70619e+07 8.488e+06 1.27054e+07 2.83262e+07 1.76626e+07 1.47549e+07 2.5531e+07 3.19246e+07 4.68276e+06 1.26312e+07 5.42581e+07 1.34752e+07 3.64018e+07 1.22552e+07 2.19535e+07 9.85019e+06 1.38184e+07 2.15064e+07 2.58986e+07 1.47379e+06 2.70251e+07 8.71522e+06 2.36192e+06 2.7666e+07 3.42309e+07 1.88818e+07 1.94987e+07 1.20964e+07 1.64372e+07 6.18504e+07 2.94064e+07 4.63841e+07 5.09686e+06 3.71399e+07 4.07886e+06 3.83771e+07 5.09969e+07 4.27838e+07 3.34882e+07 4.53213e+07 3.07352e+07 1.14234e+07 5.29324e+07 2.14561e+07 2.21684e+07 2.15321e+07 5.02729e+07 
5.76118e+07 3.31596e+07 4.51917e+06 1.08207e+07 3.2406e+07 539021 9.70364e+06 2.4185e+07 3.81378e+07 3.38481e+07 5.4028e+06 1.26568e+07 1.75225e+07 5.95036e+06 2.60504e+06 4.02798e+07 4.05735e+06 0 157827 5.68191e+06 4.22468e+06 9.27014e+06 1.06431e+07 5.37152e+07 5.52052e+07 7.66259e+07 2.17544e+07 1.07421e+07 761638 3.32599e+07 4.05199e+06 4.82979e+07 1.00263e+07 1.24837e+07 3.69459e+07 1.42331e+06 1.5763e+07 9.24522e+07 5.90983e+07 935706 1.5628e+07 1.82589e+07 8.46834e+06 4.37265e+07 791526 5.21477e+07 1.52586e+07 1.39946e+07 7.17963e+07 5.72949e+07 3.46924e+07 3.35232e+06 1.97152e+07 1.09315e+07 7.10516e+07 1.24455e+07 7.19855e+07 2.30372e+07 1.40131e+07 2.18427e+07 3.94391e+07 4.80202e+07 4.79627e+06 5.43185e+07 4.92502e+07 9.93119e+06 7.39833e+06 1.93748e+07 2.33887e+07 3.71317e+07 1.60025e+06 9.01932e+06 2.10542e+07 5.09607e+07 1.79964e+07 2.40392e+06 3.1149e+07 3.81685e+07 2.85525e+07 2.26212e+07 5.38708e+07 1.27439e+07 9.99485e+06 7.58899e+07 1.04879e+07 4.11203e+07 2.96566e+07 1.02289e+07 2.30859e+07 9.96709e+06 2.37569e+07 5.03956e+07 4.02205e+06 2.11633e+07 3.40912e+06 6.53169e+06 1.55629e+07 4.10585e+07 3.93809e+07 6.27035e+06 2.89368e+07 3.38958e+07 4.48171e+07 2.59453e+07 3.11743e+07 1.52733e+07 3.76749e+07 1.231e+06 2.32948e+07 3.36425e+07 5.95691e+07 4.0689e+07 4.85188e+07 2.53358e+07 2.7794e+07 3.51781e+07 1.52989e+07 1.77669e+07 4.34115e+07 7.26851e+07 
5.75988e+07 3.60431e+07 6.34717e+06 1.3396e+07 2.97644e+07 1.08418e+06 1.22148e+07 2.53035e+07 4.2543e+07 3.15361e+07 7.40442e+06 1.48405e+07 1.74661e+07 4.67266e+06 3.49614e+06 4.46589e+07 5.4301e+06 157827 0 6.79069e+06 5.06993e+06 1.13202e+07 9.94233e+06 5.4081e+07 5.47109e+07 7.7619e+07 1.99093e+07 8.34891e+06 1.54229e+06 3.34605e+07 5.17566e+06 4.57622e+07 1.258e+07 1.41959e+07 4.12511e+07 651970 1.45188e+07 9.22597e+07 5.88908e+07 339342 1.86372e+07 2.13587e+07 1.08067e+07 4.65689e+07 360044 5.63339e+07 1.78182e+07 1.14055e+07 7.09429e+07 6.21001e+07 3.68204e+07 2.12531e+06 1.75969e+07 1.36736e+07 7.0047e+07 1.08168e+07 7.0774e+07 2.67031e+07 1.56029e+07 2.43472e+07 4.27363e+07 4.76603e+07 5.66005e+06 5.73477e+07 4.95354e+07 7.63355e+06 5.4865e+06 2.11467e+07 2.67835e+07 3.6173e+07 797701 8.36891e+06 2.20605e+07 5.61703e+07 2.15198e+07 1.6474e+06 2.95887e+07 4.14887e+07 2.98397e+07 2.04953e+07 5.61147e+07 1.37218e+07 1.19904e+07 7.6824e+07 9.13658e+06 3.94726e+07 3.36131e+07 1.05683e+07 2.69493e+07 1.17884e+07 2.24718e+07 5.50331e+07 5.76613e+06 1.86828e+07 2.43855e+06 8.71603e+06 1.27565e+07 3.98408e+07 4.24438e+07 4.51562e+06 3.29599e+07 3.60763e+07 3.99967e+07 2.35589e+07 2.71546e+07 1.66983e+07 3.54008e+07 1.01746e+06 1.97457e+07 2.93426e+07 5.98852e+07 3.95666e+07 4.62826e+07 2.2695e+07 3.02641e+07 3.07716e+07 1.31374e+07 1.56935e+07 4.81769e+07 7.3996e+07 
3.25272e+07 1.15615e+07 6.47726e+06 1.43744e+07 2.80871e+07 2.79067e+06 1.22733e+07 7.31959e+06 1.82747e+07 2.66954e+07 6.08048e+06 2.00641e+06 6.62768e+06 9.2e+06 1.15371e+07 1.89303e+07 673160 5.68191e+06 6.79069e+06 0 148808 1.70726e+07 6.22062e+06 2.85734e+07 3.24062e+07 4.39629e+07 1.72911e+07 2.13937e+07 6.14893e+06 1.50368e+07 209155 3.70821e+07 1.24741e+07 1.35256e+06 1.72927e+07 8.93094e+06 1.10056e+07 5.95893e+07 3.42429e+07 8.12159e+06 5.88359e+06 6.28432e+06 3.59029e+06 1.78855e+07 1.02746e+07 2.44928e+07 3.50449e+06 2.20606e+07 4.59872e+07 2.91675e+07 1.24119e+07 1.55185e+07 1.82672e+07 6.3776e+06 4.60107e+07 1.23016e+07 4.7542e+07 1.03899e+07 1.85391e+06 5.52153e+06 1.55381e+07 2.68186e+07 98649.6 2.48677e+07 2.56226e+07 2.04666e+07 2.2544e+07 4.09488e+06 8.5743e+06 2.17316e+07 8.63678e+06 5.48628e+06 5.78178e+06 2.80404e+07 1.25767e+07 1.51243e+07 2.07942e+07 1.48421e+07 9.59549e+06 1.95602e+07 2.501e+07 1.86573e+06 1.90263e+07 4.35437e+07 9.90217e+06 2.75196e+07 1.31442e+07 2.85162e+07 1.28394e+07 2.03795e+07 1.51378e+07 2.47968e+07 4.13855e+06 2.16662e+07 7.62581e+06 5.43663e+06 2.48875e+07 2.54487e+07 1.52832e+07 2.05593e+07 1.35088e+07 1.18971e+07 5.57737e+07 2.29599e+07 4.16964e+07 2.42782e+06 2.87481e+07 3.88309e+06 3.50467e+07 4.66853e+07 3.29644e+07 2.47819e+07 3.55212e+07 2.46244e+07 8.38576e+06 4.85256e+07 1.7235e+07 1.72107e+07 2.23164e+07 4.02567e+07 
3.39165e+07 1.42019e+07 6.28944e+06 1.44429e+07 2.60542e+07 1.87309e+06 1.24008e+07 8.54237e+06 2.15817e+07 2.51136e+07 6.10998e+06 3.21798e+06 6.63722e+06 7.18995e+06 1.01704e+07 2.2365e+07 746797 4.22468e+06 5.06993e+06 148808 0 1.64478e+07 5.25927e+06 3.01753e+07 3.33138e+07 4.66265e+07 1.57077e+07 1.80662e+07 5.06054e+06 1.58872e+07 190376 3.57662e+07 1.26365e+07 2.35214e+06 2.05249e+07 6.791e+06 9.77897e+06 6.16236e+07 3.55038e+07 6.1081e+06 7.46013e+06 8.12351e+06 4.33485e+06 2.09089e+07 8.13176e+06 2.84245e+07 5.02713e+06 1.8873e+07 4.69859e+07 3.3483e+07 1.47043e+07 1.26842e+07 1.62463e+07 7.31201e+06 4.68533e+07 1.04238e+07 4.82144e+07 1.2603e+07 2.88474e+06 7.45045e+06 1.86249e+07 2.7647e+07 19386.9 2.83383e+07 2.70357e+07 1.72025e+07 1.90503e+07 5.52353e+06 1.08462e+07 2.16781e+07 6.52478e+06 4.46747e+06 6.79095e+06 3.20796e+07 1.40212e+07 1.24944e+07 1.99296e+07 1.78865e+07 1.11104e+07 1.76892e+07 2.79946e+07 2.4395e+06 1.82542e+07 4.61448e+07 8.21833e+06 2.69173e+07 1.58856e+07 2.59538e+07 1.49312e+07 1.93802e+07 1.42578e+07 2.8779e+07 4.0808e+06 1.92607e+07 5.69135e+06 5.73547e+06 2.14608e+07 2.52736e+07 1.82607e+07 1.72334e+07 1.6183e+07 1.41913e+07 5.10894e+07 2.09392e+07 3.74915e+07 3.4341e+06 2.73566e+07 2.51224e+06 3.09818e+07 4.20863e+07 3.46788e+07 2.46873e+07 3.45393e+07 2.22473e+07 1.05908e+07 4.38392e+07 1.4867e+07 1.51291e+07 2.59382e+07 4.30718e+07 
9.66915e+07 4.36382e+07 2.57387e+06 855299 7.54216e+07 9.57015e+06 1.20592e+06 4.57818e+07 3.36798e+07 7.65825e+07 3.11362e+06 1.91958e+07 4.3926e+07 3.00441e+07 2.45574e+06 3.74181e+07 1.10194e+07 9.27014e+06 1.13202e+07 1.70726e+07 1.64478e+07 0 3.67389e+07 8.95279e+07 9.64015e+07 1.1386e+08 5.79198e+07 3.78035e+07 4.84265e+06 6.4153e+07 1.36197e+07 9.6732e+07 1.26811e+06 2.3599e+07 3.31711e+07 1.71593e+07 4.69316e+07 1.40265e+08 9.96727e+07 1.54338e+07 1.40961e+07 1.79853e+07 8.33989e+06 5.84698e+07 1.17301e+07 5.67799e+07 1.95179e+07 4.51533e+07 1.18912e+08 5.69353e+07 5.24217e+07 1.8796e+07 5.55006e+07 6.96555e+06 1.18785e+08 4.27388e+07 1.20983e+08 1.84195e+07 2.7148e+07 3.07874e+07 4.84104e+07 8.65689e+07 1.74291e+07 7.07459e+07 8.43762e+07 3.62618e+07 2.61041e+07 3.37848e+07 2.31424e+07 7.5591e+07 1.80434e+07 3.38553e+07 4.21689e+07 4.2264e+07 7.97728e+06 1.3213e+07 7.02396e+07 4.64091e+07 5.05953e+07 5.99587e+07 7.66399e+07 3.00634e+07 71409.8 1.1335e+08 3.87567e+07 8.39643e+07 2.60477e+07 6.30762e+06 1.45277e+07 299935 5.88379e+07 4.91786e+07 4.50721e+06 5.83288e+07 2.39202e+07 4.272e+06 4.74681e+07 8.19809e+07 5.05872e+07 2.43872e+07 2.37461e+07 5.09068e+07 9.28767e+07 6.54961e+07 7.26152e+07 3.04841e+07 8.17091e+07 1.65451e+07 5.94772e+07 7.52191e+07 9.71636e+07 8.10501e+07 9.59673e+07 6.50249e+07 3.98818e+07 7.74091e+07 4.83501e+07 5.23385e+07 3.69293e+07 1.06917e+08 
2.10804e+07 2.27426e+07 2.1658e+07 3.57369e+07 7.90735e+06 8.85588e+06 3.26876e+07 8.09436e+06 4.12957e+07 7.49675e+06 2.1883e+07 1.3536e+07 1.86554e+06 2.59882e+06 2.33946e+07 4.103e+07 9.93257e+06 1.06431e+07 9.94233e+06 6.22062e+06 5.25927e+06 3.67389e+07 0 1.98318e+07 1.86121e+07 3.60399e+07 2.78999e+06 1.03912e+07 1.54607e+07 8.51603e+06 7.44439e+06 1.42649e+07 3.31351e+07 9.2412e+06 3.96956e+07 8.08533e+06 696674 4.30093e+07 2.15047e+07 8.38034e+06 2.3819e+07 2.37735e+07 1.90831e+07 2.66772e+07 1.28566e+07 4.20897e+07 1.72031e+07 8.36837e+06 2.81155e+07 5.09996e+07 1.78032e+07 1.36815e+07 3.28148e+06 2.49445e+07 2.74267e+07 1.49322e+06 2.77591e+07 3.16339e+07 8.35149e+06 1.657e+07 2.85695e+07 1.47821e+07 5.03616e+06 3.32275e+07 1.7046e+07 1.00967e+07 1.7233e+07 1.03678e+07 2.67921e+07 8.23432e+06 7.33349e+06 67779.7 6.53214e+06 5.53601e+07 3.63567e+07 1.69568e+07 5.4427e+06 2.8323e+07 1.05561e+07 3.72316e+06 2.79919e+07 4.57888e+06 3.89055e+07 3.53513e+07 877656 9.93607e+06 3.45798e+07 4.10053e+07 3.66931e+07 3.96824e+07 2.62875e+06 4.66661e+07 1.78052e+07 5.02814e+06 3.71878e+06 2.16838e+07 1.02477e+07 9.9787e+06 2.65263e+07 1.59597e+07 3.596e+07 1.78054e+07 2.74007e+07 5.28043e+06 1.88882e+07 7.39758e+06 8.94844e+06 4.66903e+06 1.62431e+07 2.30986e+07 2.31425e+07 9.85275e+06 1.39868e+07 6.22972e+06 1.76627e+07 2.43196e+07 3.60564e+06 2.98867e+06 4.73299e+07 3.47435e+07 
296206 1.73274e+07 6.1781e+07 8.1259e+07 2.24661e+07 4.59572e+07 7.60016e+07 7.43856e+06 4.37557e+07 1.71499e+07 5.98594e+07 2.86931e+07 1.01866e+07 3.66029e+07 7.52344e+07 4.03545e+07 3.77644e+07 5.37152e+07 5.4081e+07 2.85734e+07 3.01753e+07 8.95279e+07 1.98318e+07 0 1.17519e+06 2.48897e+06 1.9303e+07 5.64888e+07 5.96866e+07 2.46902e+06 3.36274e+07 1.49166e+07 7.63182e+07 2.20751e+07 4.23054e+07 5.22916e+07 1.83022e+07 5.69528e+06 642538 5.24185e+07 4.31759e+07 3.87927e+07 4.65674e+07 1.24063e+07 6.20926e+07 2.78807e+07 3.11493e+07 4.85862e+07 3.4628e+06 3.75672e+07 8.84703e+06 6.61956e+07 2.52334e+07 5.42376e+07 3.92893e+06 2.75152e+07 4.90727e+06 4.68677e+07 1.87217e+07 2.09533e+07 1.958e+07 1.01513e+06 2.87238e+07 1.20492e+07 105389 5.62252e+07 7.39483e+07 1.48247e+07 3.67955e+07 4.72478e+06 5.04812e+07 2.1874e+07 8.8404e+06 5.37966e+07 6.60751e+07 7.19423e+07 1.06252e+07 2.05823e+07 6.06885e+06 2.23306e+07 5.80892e+06 1.58584e+07 9.40719e+07 2.28624e+06 2.67734e+07 8.18531e+06 4.26737e+07 1.10556e+08 5.74303e+07 9.7201e+07 1.21642e+07 3.79685e+07 5.38975e+07 2.99746e+07 4.05831e+07 5.65251e+07 5.24439e+07 5.30546e+06 1.64695e+07 7.13544e+07 4.64758e+07 9.57767e+06 6.72655e+07 2.33075e+07 6.01209e+07 1.58885e+07 1.50546e+07 4.04505e+07 6.13398e+07 6.87319e+07 156901 4.83618e+06 1.18148e+07 2.82216e+07 1.55897e+07 7.02792e+07 3.24055e+07 2.69042e+07 4.82705e+07 2.57428e+06 
408056 2.56871e+07 6.78595e+07 8.9486e+07 1.57909e+07 4.84364e+07 8.40195e+07 1.09724e+07 5.64455e+07 1.13189e+07 6.63889e+07 3.54042e+07 1.05901e+07 3.39845e+07 7.88814e+07 5.29277e+07 4.24067e+07 5.52052e+07 5.47109e+07 3.24062e+07 3.33138e+07 9.64015e+07 1.86121e+07 1.17519e+06 0 5.20897e+06 1.48638e+07 5.09492e+07 6.29196e+07 3.38177e+06 3.75558e+07 8.33795e+06 8.4452e+07 2.7446e+07 5.47202e+07 5.12216e+07 1.55443e+07 5.07498e+06 213941 5.18312e+07 5.22351e+07 4.80415e+07 5.38817e+07 2.05266e+07 6.20361e+07 3.97273e+07 3.88853e+07 4.242e+07 1.18958e+06 5.11408e+07 1.50622e+07 6.39799e+07 2.01139e+07 6.26968e+07 1.25296e+06 2.38107e+07 1.66682e+06 5.76891e+07 2.37181e+07 2.84012e+07 2.90359e+07 264389 3.18963e+07 2.05895e+07 1.09803e+06 5.09509e+07 6.98936e+07 2.02423e+07 4.67911e+07 2.45931e+06 4.93096e+07 2.08218e+07 1.21051e+07 6.86596e+07 7.67065e+07 7.10661e+07 6.81495e+06 3.01197e+07 1.0016e+07 1.71423e+07 1.21579e+07 1.91717e+07 1.00828e+08 4.84964e+06 2.38359e+07 4.03451e+06 5.41998e+07 1.12924e+08 6.88771e+07 1.03508e+08 9.17848e+06 5.11444e+07 5.96863e+07 2.38934e+07 3.88567e+07 6.35167e+07 4.57034e+07 2.30553e+06 2.52607e+07 6.77165e+07 5.82208e+07 1.59483e+07 5.49084e+07 1.73891e+07 5.00028e+07 2.04016e+07 9.27858e+06 4.08075e+07 5.25814e+07 5.78996e+07 1.14963e+06 2.09546e+06 6.02638e+06 2.16539e+07 2.28506e+07 5.91559e+07 2.72629e+07 2.1937e+07 6.19374e+07 6.19492e+06 
2.81983e+06 2.21866e+07 8.2239e+07 1.02781e+08 3.87256e+07 6.65984e+07 9.68708e+07 1.5418e+07 4.97778e+07 3.15348e+07 7.94705e+07 4.08e+07 2.21118e+07 5.78894e+07 1.00305e+08 4.53915e+07 5.46786e+07 7.66259e+07 7.7619e+07 4.39629e+07 4.66265e+07 1.1386e+08 3.60399e+07 2.48897e+06 5.20897e+06 0 3.54739e+07 8.26699e+07 8.24075e+07 9.54085e+06 5.02356e+07 2.66073e+07 9.7107e+07 3.38593e+07 4.84657e+07 7.64038e+07 3.42836e+07 3.06348e+06 3.31626e+06 7.6319e+07 5.58903e+07 5.00302e+07 6.25003e+07 1.44537e+07 8.75167e+07 2.87381e+07 4.25282e+07 7.30523e+07 5.49893e+06 3.81169e+07 1.32474e+07 9.33905e+07 4.33999e+07 7.03888e+07 6.47271e+06 4.655e+07 7.84512e+06 5.76644e+07 2.98236e+07 2.93056e+07 2.29169e+07 6.10845e+06 4.47633e+07 1.17065e+07 3.59698e+06 8.23302e+07 1.03111e+08 2.38604e+07 4.6154e+07 1.36568e+07 7.42809e+07 3.86718e+07 1.78744e+07 5.78002e+07 8.16595e+07 9.95085e+07 2.2895e+07 2.43001e+07 1.2664e+07 3.94281e+07 5.85028e+06 2.78038e+07 1.19218e+08 6646.45 4.55179e+07 1.83036e+07 5.09121e+07 1.4182e+08 6.98195e+07 1.23261e+08 2.55864e+07 4.01923e+07 7.31345e+07 4.94305e+07 6.2513e+07 7.49632e+07 7.77421e+07 1.40964e+07 1.9674e+07 9.99511e+07 5.54333e+07 1.41652e+07 9.36273e+07 4.04529e+07 8.62019e+07 2.65343e+07 2.82643e+07 6.13503e+07 8.82397e+07 9.64806e+07 1.67614e+06 1.34309e+07 2.23275e+07 4.68715e+07 2.18962e+07 9.82288e+07 5.28138e+07 4.5662e+07 5.34794e+07 243574 
1.87341e+07 3.59087e+07 3.93608e+07 5.77277e+07 1.3042e+06 2.04423e+07 5.39628e+07 1.46222e+07 6.25716e+07 1.3326e+06 3.99044e+07 2.77932e+07 5.13143e+06 5.73272e+06 3.94047e+07 6.1569e+07 2.32294e+07 2.17544e+07 1.99093e+07 1.72911e+07 1.57077e+07 5.79198e+07 2.78999e+06 1.9303e+07 1.48638e+07 3.54739e+07 0 1.114e+07 2.9479e+07 1.00242e+07 1.93421e+07 5.34581e+06 5.4567e+07 2.10087e+07 6.05716e+07 1.54287e+07 707051 3.65973e+07 1.83067e+07 1.64423e+07 4.24614e+07 4.19409e+07 3.64611e+07 3.79022e+07 2.2663e+07 5.91029e+07 3.28348e+07 7.10335e+06 2.13855e+07 7.08282e+07 2.70166e+07 2.07215e+07 400978 4.44182e+07 2.0277e+07 1.52815e+06 1.98488e+07 5.22775e+07 1.91017e+07 3.00596e+07 4.28015e+07 1.23425e+07 1.53195e+07 4.38791e+07 1.67467e+07 1.12624e+07 2.21664e+07 2.07227e+07 4.5228e+07 5.26477e+06 1.43317e+07 3.46757e+06 1.31682e+07 7.92919e+07 5.92737e+07 2.65116e+07 1.61905e+06 4.29028e+07 1.70455e+07 143157 3.50678e+07 1.28806e+07 6.03259e+07 3.46287e+07 2.07942e+06 4.35527e+06 5.50501e+07 5.81727e+07 5.9282e+07 6.08227e+07 855250 6.67175e+07 3.4344e+07 1.18747e+06 8.74282e+06 3.98658e+07 8.44298e+06 5.66411e+06 3.95385e+07 2.13053e+07 5.71991e+07 2.7389e+07 1.64746e+07 465469 1.16759e+07 1.70652e+07 2.24072e+06 1.27313e+07 1.1824e+07 1.55592e+07 2.17717e+07 5.87918e+06 5.79241e+06 1.11096e+06 2.97177e+07 1.63869e+07 1.90342e+06 692275 6.98513e+07 3.58189e+07 
5.69788e+07 5.98368e+07 2.91769e+07 4.27474e+07 1.46338e+07 1.36882e+07 4.07359e+07 3.64115e+07 7.91315e+07 1.81508e+07 3.12217e+07 3.65031e+07 2.10298e+07 2.93184e+06 2.10175e+07 8.05628e+07 2.28906e+07 1.07421e+07 8.34891e+06 2.13937e+07 1.80662e+07 3.78035e+07 1.03912e+07 5.64888e+07 5.09492e+07 8.26699e+07 1.114e+07 0 1.70426e+07 3.67509e+07 2.04861e+07 2.92795e+07 4.14041e+07 3.19118e+07 7.71025e+07 4.34514e+06 1.04889e+07 8.77093e+07 5.6779e+07 5.33723e+06 4.72298e+07 4.99673e+07 3.55574e+07 6.86764e+07 7.41831e+06 8.86711e+07 4.21519e+07 654210 6.33299e+07 9.92656e+07 5.43191e+07 3.64149e+06 7.59359e+06 4.17753e+07 6.14634e+07 5.16861e+06 6.07169e+07 5.96508e+07 3.20051e+07 4.67787e+07 6.91218e+07 4.54896e+07 1.86066e+07 7.98045e+07 5.17785e+07 16198.1 2.44575e+06 3.80168e+07 5.68575e+07 3.10394e+07 4.08926e+06 9.50698e+06 3.27746e+07 9.82527e+07 5.56302e+07 7.12533e+06 2.12275e+07 6.8243e+07 4.16361e+07 9.91457e+06 7.24428e+07 2.5612e+07 3.84281e+07 8.15018e+07 5.57792e+06 2.93712e+07 6.76638e+07 2.66405e+07 6.22525e+07 3.72662e+07 1.68788e+07 9.1658e+07 2.73323e+07 6.38927e+06 3.4775e+06 3.34367e+07 659589 3.25569e+07 6.68817e+07 2.46487e+06 6.78928e+07 5.40863e+07 1.22204e+07 1.09076e+07 5.67941e+06 3.15559e+07 2.17541e+07 7.64622e+06 2.45013e+06 6.41992e+06 6.14258e+07 3.29539e+07 3.16397e+07 8.72334e+06 5.14318e+07 7.08853e+06 3.86687e+06 6.33603e+06 8.72693e+07 8.16783e+07 
